Largura: 469
Altura: 468
Numero Canais: 4
Matriz criada com sucesso
int matriz_cores[3][144] = {
    {
         43,  59,  98, 138, 178, 222, 254, 254, 250, 248, 244, 243, 
         40,  59,  98, 135, 183, 224, 255, 249, 245, 247, 242, 244, 
         45,  58,  92, 136, 172, 216, 255, 249, 244, 245, 243, 243, 
         24,  36,  51,  79, 100, 114, 125, 156, 174, 189, 209, 226, 
          5,  10,   9,   7,   5,   2,   2,  44,  90, 127, 168, 205, 
          9,  10,  10,   8,   2,   4,   1,  43,  88, 128, 171, 205, 
          9,  10,   9,   3,   4,   0,   0,  44,  86, 128, 169, 207, 
          8,   9,  13,   5,   3,   1,   3,  40,  85, 125, 172, 205, 
          6,  11,   9,   7,   0,   2,   2,  44,  84, 129, 167, 201, 
         25,  35,  56,  73,  93, 114, 128, 154, 170, 188, 209, 229, 
         40,  60,  96, 137, 182, 222, 255, 254, 247, 250, 247, 244, 
         43,  54,  95, 137, 182, 223, 255, 254, 250, 245, 242, 244
    },
    {
         12,  10,  10,   8,   0,   2,   0,  43,  87, 128, 168, 205, 
         24,  38,  55,  77,  95, 117, 127, 156, 170, 192, 206, 227, 
         42,  57,  98, 138, 179, 223, 255, 251, 248, 246, 245, 243, 
         39,  58,  97, 138, 179, 224, 255, 254, 248, 247, 246, 247, 
         42,  62,  98, 137, 178, 221, 255, 252, 249, 245, 245, 247, 
         43,  57,  97, 137, 180, 224, 252, 252, 251, 246, 241, 246, 
         41,  59,  99, 137, 179, 221, 255, 255, 251, 247, 244, 246, 
         25,  37,  55,  75,  94, 117, 127, 154, 171, 190, 207, 226, 
         12,  13,   9,   6,   2,   0,   0,  45,  90, 129, 169, 205, 
         10,   8,  11,   6,   4,   3,   1,  44,  88, 127, 170, 202, 
          9,  12,  13,   9,   7,   2,   0,  46,  86, 128, 170, 206, 
          9,  12,   7,   6,   9,   0,   0,  46,  88, 129, 171, 205
    },
    {
          9,   6,   8,   8,   0,   2,   2,  50,  84, 130, 170, 204, 
          9,  11,  10,   3,   4,   3,   0,  43,  87, 127, 170, 201, 
         11,   9,   8,   8,   5,   6,   1,  46,  89, 127, 170, 205, 
         10,   9,   7,  10,   8,   3,   0,  43,  91, 126, 169, 208, 
          9,  13,   8,   5,   1,   3,   2,  42,  87, 125, 167, 201, 
         27,  37,  54,  73,  96, 116, 123, 150, 172, 186, 204, 228, 
         36,  53,  90, 130, 172, 212, 249, 244, 245, 243, 240, 243, 
         41,  59,  97, 132, 175, 218, 253, 251, 248, 246, 245, 245, 
         38,  62,  95, 136, 180, 221, 249, 251, 250, 249, 244, 242, 
         41,  59,  96, 137, 180, 219, 253, 255, 251, 244, 249, 244, 
         41,  54,  93, 132, 172, 212, 255, 246, 242, 247, 242, 245, 
         26,  32,  55,  72,  99, 113, 125, 154, 171, 190, 205, 224
    }
};
